A	T	C	G
0.158	0.446	0.169	0.226
0.175	0.531	0.147	0.147
0.220	0.401	0.203	0.175
0.085	0.520	0.254	0.141
0.096	0.520	0.271	0.113
0.062	0.429	0.469	0.040
0.068	0.407	0.480	0.045
0.130	0.525	0.322	0.023
0.209	0.508	0.249	0.034
0.305	0.441	0.130	0.124
0.441	0.288	0.175	0.096
0.367	0.220	0.345	0.068
0.305	0.288	0.322	0.085
0.198	0.271	0.322	0.209
0.226	0.350	0.282	0.141
0.237	0.333	0.215	0.215
0.209	0.288	0.282	0.220
0.130	0.390	0.322	0.158
0.158	0.350	0.277	0.215
0.090	0.350	0.542	0.017
0.250	0.250	0.250	0.250
0.250	0.250	0.250	0.250
